3063
4926
8458
5918
7839
8165
5836
8125
3993
1563
3582
5327
3758
1390
6140
8402
509
6961
2435
8506
3255
1779
4285
546
6280
7083
4106
8603
2559
6415
7619
90
5820
1184
5953
8704
1072
5946
1408
6167
3609
5471
4029
5755
6125
3379
6258
4015
5165
8150
1075
5683
7592
9962
4005
9487
4065
7801
8788
868
437
2027
2393
5402
27
3062
9062
6645
6577
7859
1262
4634
7892
9855
1689
8508
988
4927
1505
2224
6202
1530
1822
7752
1263
5856
6113
6242
5424
7340
7265
5195
4124
4211
9254
4867
1603
2414
5269
3729
9131
671
957
7135
3336
4583
4600
6692
8072
1640
7008
9607
6918
7724
8604
5491
9880
1335
8756
5243
8436
499
7355
6276
2708
7526
1588
8695
2976
1054
7228
4725
9746
7978
1983
7670
8641
5619
9708
8025
4086
2948
2844
2310
4408
8708
9690
942
1749
8224
3820
38
2281
3864
923
3719
5171
192
6364
1026
7964
8764
1008
9882
778
8617
8362
1784
7409
5938
4550
3029
8455
3776
162
2171
3160
7269
6098
9430
3661
9632
4546
825
2223
6223
8545
4568
5413
6237
3711
4845
7099
8962
7120
7292
7210
9126
5926
9032
7541
900
8683
840
8030
5950
1258
9952
5090
8395
288
3170
2051
9141
8729
8800
2247
190
4374
450
3129
4674
1926
1811
5951
6691
5545
3706
2929
2179
6186
9158
3733
8484
3526
8792
3300
7416
4283
5229
2960
3944
6255
5923
7111
6424
9723
8122
725
2988
7058
8963
9157
8327
5392
3031
5095
2086
4624
8802
9592
8967
5842
8384
2379
5390
8251
9100
7734
908
7257
5757
1939
8104
4878
332
8096
4386
7902
9371
8333
7611
9971
633
2143
7318
4433
2586
7479
5468
1396
8081
7218
9656
3763
6863
6024
8195
1705
1044
1763
4446
3114
5237
559
7681
6165
1246
5727
2279
7513
2023
6990
9124
6722
6763
7894
4324
8179
822
9543
8200
6093
2285
3
5867
9749
8449
7740
3111
7181
4685
3640
5182
4554
4585
5594
8378
9135
7885
6146
4883
5540
6874
6172
5260
1086
8596
4785
6858
4363
7656
8846
4521
1164
2295
7921
493
3342
3033
5331
8080
4184
3962
5639
3429
1449
7329
9982
7089
8860
9401
6490
6944
5543
6638
1407
6726
9238
7922
2325
2847
6414
6977
9312
3670
9817
1940
7082
3294
800
4500
3416
8561
8754
9315
2103
2578
6221
1299
6829
4916
1977
590
980
3802
1729
3355
2235
3455
6365
9305
7709
5781
6339
3819
5162
9129
3905
8366
2334
4166
3717
5101
4657
1540
6771
3409
7786
5282
9646
6607
9498
1297
3323
1967
8993
8771
389
6539
7676
5181
9403
4635
2912
8365
2583
5801
537
3479
5570
2679
9307
3516
7140
6546
5336
6218
4948
6453
9359
2519
3103
7410
5897
3723
1063
9354
2562
1136
7747
6715
6967
1767
7301
5466
1349
2856
4293
9478
2193
2363
8385
6049
9922
2418
2152
9973
4645
6032
4688
4742
8940
1002
1291
3435
954
9028
9987
322